1 0
1 6
1 8
1 34
1 36
1 38
1 42
1 45
1 47
1 49
1 50
1 51
1 52
1 53
1 55
1 61
1 62
1 63
1 67
1 69
1 71
1 74
1 78
1 83
1 94
2 4
2 8
2 9
2 11
2 14
2 17
2 18
2 35
2 36
2 38
2 39
2 40
2 41
2 42
2 43
2 59
2 63
2 69
2 73
2 80
2 81
2 85
2 87
2 93
2 97
3 8
3 9
3 10
3 14
3 17
3 21
3 25
3 36
3 38
3 40
3 43
3 45
3 57
3 60
3 62
3 63
3 69
3 83
3 85
3 93
4 0
4 4
4 7
4 11
4 12
4 13
4 14
4 20
4 23
4 26
4 29
4 38
4 42
4 46
4 61
4 62
4 63
4 72
4 73
4 85
4 86
4 91
4 96
5 3
5 6
5 11
5 12
5 14
5 17
5 18
5 19
5 21
5 25
5 33
5 38
5 48
5 61
5 62
5 63
5 68
5 71
5 75
5 80
5 81
5 83
5 84
5 87
5 89
6 0
6 11
6 13
6 38
6 40
6 60
6 63
6 74
6 80
7 3
7 5
7 7
7 17
7 23
7 28
7 32
7 38
7 39
7 40
7 43
7 47
7 52
7 57
7 61
7 67
7 69
7 70
7 79
7 85
7 87
7 93
8 3
8 29
8 43
8 45
8 69
8 72
8 74
8 78
8 89
8 93
8 95
8 97
9 0
9 3
9 4
9 12
9 15
9 28
9 33
9 38
9 39
9 40
9 47
9 48
9 61
9 65
9 71
9 72
9 74
9 80
9 86
9 87
9 89
9 96
9 98
10 17
10 21
10 33
10 36
10 43
10 45
10 47
10 48
10 61
10 69
10 73
10 78
10 81
10 83
10 87
11 3
11 5
11 6
11 28
11 35
11 36
11 38
11 40
11 43
11 48
11 51
11 52
11 61
11 62
11 63
11 74
11 77
11 85
11 86
12 3
12 5
12 8
12 11
12 14
12 17
12 20
12 21
12 28
12 33
12 36
12 40
12 51
12 52
12 57
12 59
12 63
12 66
12 81
12 83
12 85
12 89
12 90
13 5
13 8
13 14
13 21
13 29
13 31
13 35
13 38
13 39
13 41
13 42
13 59
13 62
13 63
13 70
13 86
13 95
14 1
14 3
14 5
14 7
14 11
14 14
14 28
14 31
14 33
14 35
14 36
14 43
14 48
14 61
14 63
14 69
14 80
14 82
14 86
14 91
15 12
15 21
15 26
15 28
15 29
15 31
15 43
15 45
15 57
15 61
15 62
15 63
15 67
15 69
15 77
15 80
15 81
15 83
15 86
15 87
15 88
15 89
15 93
15 96
16 3
16 8
16 11
16 12
16 17
16 20
16 23
16 28
16 29
16 35
16 38
16 40
16 43
16 47
16 48
16 50
16 62
16 63
16 66
16 71
16 72
16 73
16 81
16 83
16 92
16 97
17 13
17 23
17 25
17 31
17 35
17 36
17 38
17 50
17 62
17 66
17 67
17 70
17 71
17 74
17 81
17 85
18 21
18 36
18 43
18 51
18 59
18 62
18 63
18 69
18 70
18 87
18 89
18 97
19 5
19 13
19 23
19 29
19 36
19 42
19 46
19 48
19 51
19 57
19 63
19 68
19 69
19 72
19 74
19 81
19 83
19 85
19 87
19 95
20 3
20 8
20 9
20 17
20 21
20 27
20 28
20 36
20 38
20 40
20 43
20 45
20 48
20 49
20 57
20 66
20 67
20 69
20 71
20 74
20 78
20 81
20 84
20 85
20 86
20 87
20 89
20 91
20 93
20 95
21 7
21 13
21 21
21 34
21 35
21 38
21 47
21 49
21 52
21 63
21 66
21 68
21 71
21 80
21 89
22 3
22 8
22 10
22 13
22 25
22 26
22 28
22 36
22 38
22 39
22 48
22 51
22 62
22 63
22 69
22 72
22 73
22 81
22 83
22 85
22 93
23 3
23 8
23 12
23 14
23 17
23 23
23 35
23 38
23 41
23 48
23 51
23 57
23 61
23 63
23 69
23 73
23 76
23 85
23 86
23 87
23 89
23 90
23 97
24 3
24 8
24 9
24 11
24 17
24 24
24 28
24 36
24 38
24 39
24 40
24 42
24 47
24 48
24 60
24 61
24 63
24 69
24 71
24 72
24 74
24 80
24 85
24 87
24 89
24 90
24 91
24 92
24 95
25 3
25 9
25 11
25 12
25 34
25 38
25 40
25 42
25 47
25 48
25 55
25 66
25 68
25 78
25 80
25 81
25 88
25 95
26 0
26 5
26 7
26 8
26 11
26 12
26 13
26 17
26 28
26 33
26 36
26 38
26 40
26 47
26 48
26 67
26 68
26 69
26 71
26 72
26 76
26 78
26 83
26 85
26 87
26 89
26 93
27 7
27 8
27 9
27 13
27 14
27 17
27 23
27 25
27 26
27 27
27 33
27 38
27 40
27 46
27 47
27 48
27 55
27 63
27 73
27 75
27 80
27 81
27 85
27 92
27 97
27 98
28 9
28 10
28 11
28 13
28 14
28 17
28 25
28 27
28 29
28 34
28 35
28 36
28 38
28 42
28 48
28 57
28 60
28 68
28 71
28 78
28 79
28 83
28 86
28 87
28 92
29 0
29 7
29 9
29 14
29 16
29 17
29 22
29 28
29 36
29 38
29 39
29 43
29 48
29 53
29 61
29 63
29 69
29 81
29 93
30 22
30 25
30 27
30 29
30 31
30 35
30 38
30 48
30 52
30 80
30 84
30 85
30 88
30 89
30 93
30 99
31 3
31 11
31 12
31 17
31 23
31 36
31 38
31 39
31 41
31 42
31 51
31 57
31 61
31 72
31 81
31 85
31 87
31 89
31 91
31 93
31 95
31 99
32 3
32 5
32 14
32 23
32 36
32 38
32 40
32 43
32 46
32 68
32 71
32 74
32 76
32 78
32 80
32 87
32 90
32 95
33 7
33 9
33 18
33 20
33 23
33 25
33 27
33 33
33 36
33 38
33 43
33 52
33 63
33 68
33 69
33 72
33 78
33 81
33 87
33 90
33 92
33 93
33 95
34 0
34 8
34 11
34 12
34 14
34 19
34 22
34 23
34 35
34 36
34 38
34 39
34 40
34 43
34 48
34 50
34 51
34 63
34 66
34 67
34 68
34 69
34 71
34 74
34 81
34 83
34 85
34 91
34 94
34 96
35 3
35 4
35 10
35 13
35 14
35 25
35 28
35 36
35 38
35 39
35 40
35 42
35 43
35 50
35 51
35 53
35 55
35 61
35 62
35 63
35 69
35 87
35 97
36 4
36 8
36 12
36 23
36 26
36 28
36 29
36 33
36 34
36 38
36 48
36 51
36 62
36 69
36 73
36 74
36 81
36 86
36 87
36 93
36 96
37 3
37 8
37 9
37 11
37 13
37 17
37 20
37 21
37 28
37 33
37 34
37 35
37 36
37 38
37 40
37 43
37 46
37 48
37 49
37 61
37 80
37 85
37 87
37 90
37 98
38 6
38 12
38 19
38 23
38 25
38 33
38 35
38 38
38 39
38 45
38 61
38 62
38 63
38 72
38 73
38 75
38 87
39 0
39 4
39 5
39 7
39 8
39 11
39 12
39 28
39 29
39 35
39 38
39 46
39 47
39 48
39 61
39 66
39 69
39 72
39 78
39 80
39 83
39 85
39 86
39 87
39 90
39 95
39 97
40 5
40 11
40 14
40 25
40 29
40 36
40 38
40 43
40 52
40 63
40 67
40 69
40 72
40 80
40 85
40 87
41 5
41 8
41 17
41 26
41 28
41 33
41 36
41 38
41 51
41 59
41 68
41 69
41 72
41 81
41 83
41 85
41 87
41 99
42 3
42 6
42 14
42 23
42 28
42 34
42 35
42 36
42 38
42 39
42 40
42 43
42 48
42 49
42 63
42 69
42 73
42 83
42 87
42 89
42 94
42 95
43 7
43 13
43 24
43 28
43 35
43 38
43 40
43 43
43 45
43 48
43 66
43 69
43 72
43 78
43 86
43 88
43 92
43 93
44 8
44 9
44 11
44 12
44 13
44 19
44 21
44 28
44 35
44 38
44 51
44 61
44 66
44 69
44 72
44 73
44 80
44 87
44 90
45 0
45 3
45 5
45 8
45 17
45 36
45 38
45 61
45 62
45 63
45 67
45 68
45 72
45 73
45 81
45 83
45 84
45 85
45 87
45 89
45 93
45 97
46 8
46 14
46 17
46 25
46 29
46 35
46 36
46 38
46 41
46 42
46 43
46 47
46 49
46 51
46 52
46 55
46 63
46 73
46 76
46 81
46 82
46 83
46 87
46 95
47 14
47 17
47 19
47 28
47 31
47 35
47 38
47 39
47 40
47 43
47 48
47 49
47 59
47 62
47 63
47 85
47 86
47 87
47 93
47 96
48 0
48 6
48 8
48 9
48 12
48 17
48 28
48 35
48 36
48 38
48 39
48 47
48 53
48 63
48 68
48 74
48 75
48 80
48 86
48 93
48 98
49 3
49 8
49 17
49 23
49 26
49 28
49 36
49 38
49 39
49 43
49 48
49 52
49 61
49 62
49 63
49 69
49 70
49 71
49 72
49 73
49 87
49 90
49 93
49 95
49 97
50 10
50 13
50 14
50 16
50 25
50 26
50 28
50 35
50 38
50 39
50 40
50 62
50 68
50 69
50 70
50 71
50 77
50 78
50 87
50 90
50 97
51 0
51 3
51 7
51 8
51 12
51 19
51 24
51 27
51 28
51 33
51 36
51 47
51 52
51 54
51 69
51 71
51 73
51 83
51 85
51 95
52 4
52 7
52 8
52 9
52 17
52 21
52 28
52 39
52 46
52 63
52 66
52 67
52 69
52 72
52 85
52 87
53 4
53 7
53 8
53 9
53 11
53 21
53 31
53 36
53 60
53 63
53 66
53 67
53 69
53 81
53 85
54 3
54 8
54 17
54 23
54 26
54 28
54 33
54 34
54 39
54 43
54 48
54 52
54 67
54 69
54 73
54 81
54 85
54 87
54 95
55 12
55 19
55 28
55 29
55 36
55 38
55 47
55 48
55 52
55 62
55 63
55 71
55 80
55 83
55 87
55 88
55 92
56 3
56 7
56 8
56 12
56 17
56 20
56 21
56 23
56 29
56 36
56 39
56 42
56 48
56 49
56 63
56 67
56 68
56 72
56 73
56 83
56 85
56 86
56 93
56 94
57 3
57 19
57 41
57 43
57 72
57 87
57 90
58 6
58 8
58 9
58 17
58 19
58 23
58 28
58 36
58 42
58 45
58 46
58 48
58 51
58 63
58 71
58 73
58 74
58 87
58 97
59 3
59 4
59 7
59 9
59 10
59 11
59 15
59 17
59 18
59 23
59 25
59 26
59 35
59 36
59 41
59 48
59 51
59 57
59 60
59 61
59 65
59 86
59 87
59 89
60 3
60 5
60 6
60 7
60 14
60 19
60 28
60 33
60 35
60 38
60 57
60 67
60 68
60 81
60 83
60 85
60 95
61 3
61 11
61 12
61 13
61 21
61 23
61 28
61 31
61 33
61 36
61 38
61 40
61 51
61 59
61 60
61 61
61 63
61 70
61 71
61 72
61 87
61 93
62 3
62 8
62 10
62 13
62 21
62 22
62 28
62 29
62 34
62 40
62 43
62 47
62 49
62 50
62 51
62 60
62 71
62 73
62 80
62 89
62 90
62 93
63 7
63 8
63 9
63 11
63 24
63 27
63 39
63 48
63 51
63 61
63 63
63 67
63 68
63 69
63 71
63 83
63 85
63 87
63 93
63 95
64 5
64 14
64 15
64 18
64 21
64 23
64 33
64 36
64 41
64 43
64 48
64 50
64 60
64 63
64 66
64 69
64 71
64 73
64 81
64 83
64 97
65 6
65 7
65 8
65 10
65 14
65 16
65 19
65 26
65 27
65 28
65 29
65 34
65 35
65 48
65 49
65 60
65 67
65 69
65 73
65 74
65 78
65 81
65 84
65 85
65 86
65 87
65 95
66 10
66 23
66 26
66 29
66 41
66 47
66 60
66 63
66 81
66 83
66 89
67 10
67 13
67 14
67 17
67 23
67 35
67 36
67 40
67 43
67 46
67 68
67 69
67 71
67 72
67 78
67 85
67 97
68 3
68 7
68 9
68 10
68 14
68 17
68 19
68 34
68 42
68 43
68 45
68 47
68 48
68 63
68 69
68 72
68 79
68 83
68 85
68 93
68 94
69 6
69 13
69 17
69 19
69 22
69 29
69 35
69 36
69 41
69 42
69 43
69 51
69 62
69 63
69 67
69 69
69 71
69 72
69 74
69 81
69 83
69 88
69 89
69 97
70 3
70 5
70 9
70 27
70 28
70 38
70 40
70 42
70 43
70 46
70 53
70 57
70 63
70 69
70 71
70 72
70 78
70 87
70 93
71 4
71 8
71 17
71 28
71 36
71 39
71 41
71 78
71 86
71 87
71 97
72 3
72 8
72 11
72 22
72 26
72 28
72 29
72 40
72 41
72 48
72 52
72 60
72 63
72 68
72 69
72 70
72 74
72 78
72 80
72 94
73 3
73 5
73 7
73 8
73 11
73 17
73 21
73 26
73 31
73 34
73 35
73 38
73 41
73 52
73 55
73 59
73 60
73 69
73 70
73 71
73 73
73 83
73 86
73 87
74 7
74 13
74 14
74 15
74 17
74 21
74 22
74 25
74 29
74 34
74 35
74 36
74 40
74 43
74 47
74 48
74 51
74 52
74 59
74 63
74 69
74 71
74 78
74 86
74 87
74 89
74 97
75 5
75 9
75 11
75 15
75 21
75 23
75 26
75 28
75 35
75 36
75 38
75 40
75 46
75 61
75 63
75 65
75 67
75 69
75 72
75 75
75 85
75 87
76 12
76 17
76 21
76 23
76 36
76 38
76 47
76 49
76 52
76 60
76 66
76 69
76 71
76 85
76 87
76 93
77 3
77 8
77 9
77 13
77 24
77 28
77 29
77 34
77 38
77 48
77 50
77 63
77 70
77 71
77 81
77 87
77 93
78 3
78 14
78 16
78 20
78 21
78 28
78 31
78 38
78 43
78 46
78 48
78 63
78 67
78 69
78 78
78 81
78 83
78 95
79 6
79 8
79 29
79 33
79 36
79 38
79 47
79 50
79 57
79 63
79 68
79 74
79 77
79 83
79 87
79 92
79 93
80 7
80 25
80 36
80 61
80 63
80 69
80 71
80 73
81 3
81 6
81 14
81 15
81 17
81 25
81 28
81 36
81 38
81 39
81 49
81 51
81 61
81 62
81 63
81 67
81 78
81 80
81 81
81 85
81 86
82 6
82 8
82 10
82 38
82 39
82 42
82 52
82 60
82 61
82 63
82 68
82 70
82 76
82 78
82 83
82 85
82 89
82 95
83 4
83 7
83 8
83 11
83 12
83 13
83 35
83 36
83 38
83 40
83 43
83 55
83 57
83 61
83 72
83 81
83 86
83 89
83 97
84 7
84 8
84 11
84 13
84 14
84 15
84 17
84 29
84 40
84 48
84 53
84 60
84 62
84 67
84 68
84 69
84 72
84 73
84 87
85 3
85 6
85 8
85 11
85 21
85 24
85 34
85 38
85 40
85 42
85 48
85 61
85 62
85 78
85 80
85 85
85 87
85 89
85 97
86 3
86 7
86 9
86 11
86 23
86 24
86 25
86 28
86 36
86 38
86 42
86 47
86 61
86 69
86 71
86 72
86 73
86 81
86 98
87 3
87 25
87 28
87 33
87 34
87 36
87 39
87 40
87 43
87 47
87 52
87 54
87 66
87 69
87 72
87 80
87 94
88 7
88 8
88 11
88 12
88 17
88 18
88 21
88 25
88 28
88 35
88 36
88 38
88 40
88 49
88 51
88 53
88 63
88 67
88 68
88 71
88 72
88 78
88 83
88 85
88 89
88 90
88 99
89 0
89 14
89 21
89 23
89 28
89 34
89 38
89 39
89 45
89 47
89 49
89 51
89 52
89 87
89 93
89 94
89 99
90 8
90 10
90 12
90 17
90 25
90 36
90 38
90 39
90 41
90 42
90 43
90 45
90 50
90 62
90 63
90 66
90 69
90 73
90 81
90 86
90 87
90 93
90 97
91 0
91 3
91 6
91 8
91 9
91 26
91 28
91 29
91 38
91 39
91 42
91 45
91 61
91 68
91 76
91 78
91 87
92 6
92 8
92 11
92 24
92 26
92 29
92 33
92 36
92 38
92 39
92 42
92 43
92 44
92 47
92 48
92 51
92 57
92 61
92 62
92 63
92 66
92 67
92 69
92 72
92 73
92 76
92 81
92 85
92 86
92 88
92 93
93 9
93 14
93 17
93 21
93 23
93 33
93 36
93 39
93 42
93 47
93 48
93 55
93 63
93 73
93 80
93 81
93 83
93 86
93 87
93 93
94 0
94 7
94 14
94 28
94 33
94 35
94 38
94 39
94 47
94 66
94 67
94 69
94 71
94 73
94 80
94 81
94 83
94 84
94 86
94 87
94 95
95 3
95 17
95 24
95 25
95 36
95 38
95 40
95 45
95 51
95 52
95 63
95 70
95 73
95 81
95 83
95 85
95 86
95 87
95 91
95 97
96 3
96 4
96 7
96 11
96 14
96 17
96 18
96 19
96 22
96 28
96 32
96 38
96 39
96 40
96 43
96 48
96 49
96 50
96 51
96 52
96 60
96 61
96 62
96 63
96 67
96 69
96 72
96 80
97 5
97 17
97 26
97 29
97 35
97 36
97 38
97 43
97 46
97 48
97 61
97 62
97 63
97 77
97 81
97 86
97 95
98 0
98 3
98 7
98 9
98 17
98 38
98 40
98 45
98 47
98 57
98 63
98 67
98 71
98 80
98 85
98 87
98 89
98 93
98 95
98 96
98 99
99 5
99 8
99 11
99 14
99 23
99 26
99 29
99 34
99 35
99 36
99 41
99 43
99 55
99 62
99 63
99 67
99 69
99 70
99 71
99 73
99 83
99 87
99 90
99 93
99 97
99 98
100 3
100 7
100 9
100 14
100 17
100 28
100 29
100 36
100 38
100 40
100 41
100 42
100 43
100 48
100 49
100 55
100 63
100 69
100 74
100 81
100 83
100 85
100 87
100 89
